0
0
0
0
0
0
0
669
1
0
16
34
1944
0
472
27
305
27
138
27
472
27
305
27
138
27
305
27
138
27
305
27
138
27
625
375
0
305
27
138
27
305
27
138
27
305
27
138
27
472
27
305
27
138
27
305
27
138
27
625
375
305
27
138
27
305
27
138
27
305
27
138
27
472
27
305
27
138
27
305
27
138
27
625
375
305
27
138
27
305
27
138
27
305
27
138
27
472
27
305
27
138
27
305
27
138
27
625
375
472
27
305
27
138
27
472
27
305
27
138
27
305
27
138
27
305
27
138
27
625
375
138
27
69
13
138
27
69
13
138
27
69
13
222
27
138
27
69
13
138
27
69
13
347
152
138
27
69
13
138
27
69
13
138
27
69
13
222
27
138
27
69
13
138
27
69
13
347
152
138
27
69
13
138
27
69
13
138
27
69
13
222
27
138
27
69
13
138
27
69
13
347
152
222
27
138
27
69
13
222
27
138
27
69
13
138
27
69
13
138
27
69
13
625
41
0
305
27
138
27
305
27
138
27
305
27
138
27
472
27
305
27
138
27
305
27
138
27
625
375
305
27
138
27
305
27
138
27
305
27
138
27
472
27
305
27
138
27
305
27
138
27
625
375
305
27
138
27
305
27
138
27
305
27
138
27
472
27
305
27
138
27
305
27
138
27
625
375
472
27
305
27
138
27
472
27
305
27
138
27
305
27
138
27
305
27
138
27
625
375
138
27
69
13
138
27
69
13
138
27
69
13
222
27
138
27
69
13
138
27
69
13
347
152
138
27
69
13
138
27
69
13
138
27
69
13
222
27
138
27
69
13
138
27
69
13
347
152
138
27
69
13
138
27
69
13
138
27
69
13
222
27
138
27
69
13
138
27
69
13
347
152
222
27
138
27
69
13
222
27
138
27
69
13
138
27
69
13
138
27
69
13
625
41
0
305
27
138
27
305
27
138
27
305
27
138
27
472
27
305
27
138
27
305
27
138
27
625
375
305
27
138
27
305
27
138
27
305
27
138
27
472
27
305
27
138
27
305
27
138
27
625
375
305
27
138
27
305
27
138
27
305
27
138
27
472
27
305
27
138
27
305
27
138
27
625
375
472
27
305
27
138
27
472
27
305
27
138
27
305
27
138
27
305
27
138
27
625
375
0
472
27
305
27
138
27
472
27
305
27
138
27
305
27
138
27
305
27
138
27
625
